00112110100220201000    22102222120022122221
00110211001021100221    22210110021120210210
11012121001002222000    22101102010221110221
11200121112212112221    22022121111022012112
00000121110010202120    11012012202011002022
00111020211122220112    11011211110210021112
11121102201010011120    00222102012101221120
11012102122002221210    00222121000101222210
00221102011100010022    11010121112112010221
00001222121220011112    11012012010210022210
11011001111100122022    00222121222202202022
11122200212212110011    00221020100101221112
00110222200220121221    11011222012112011022
00222200022002002112    11010110210210020011
11201211001010200221    00221001112101220022
00222211110010201011    22021012200120021112
00111001222010010022    22022121002022012120
00002001220100200210    22100012010221110210
11011012122021021221    22020222202022010221
11122222010021212210    11202222120011222210
00001200102100121221    22100012202022120022
00112110020111022011    22022110100120022210
11121110212220200221    22020200022210212120
11012110210021100210    22020222010221000112
00221110022010122022    22021020102022011022
00000121000201101000    00222102202000212112
00222222202111212210    00112020211000102022
11121102120122220101    00111222012101111011
00002020022002221210    00221020021101221120
00220020210010122000    00220211112101220011
11200102200201020112    00111200101202120022
11011001000220011101    00112012202000102011
00112121112212110011    00220222121101220022
00110222120111020101    00221012012101221112
11120001002122111112    00112001001202121120
11201200211100012202    00110121112101110210
00000110022002110022    00001110212101001221
00111012200212001011    00000012120000020011
11120020102122112210    22211200021120210221
11011020100220012202    22211211222221221112
00220012202111101011    22212020101221222221
00001211110002112210    00001110020000021112
11010222012220010011    22211222201221221120
11121121220122221202    22210121002022200112
00110211112201212221    00000020022202010221
00221121000212220101    22212012122221222210
11201200020100011112    22210102121120102022
11010200210010202120    11120211221112120011
00112102012212002101    11121020100112121120
00110200020100201022    11122110021112122210
11012102202122110000    11120200020011002022
11200110101002000221    11011222121112011011
00001222202100200202    11122121000112122221
00220001110010120120    11121012121112121112
11122211002122222000    11012001110210021120
11120012010021101022    11012020021112012112
00222200102111211101    11120222200112120022
00000102012212000221    22022102201221002011
00222211001021102101    11202222200112202022
11120012200201022022    11201121001210211011
00002001111111101000    22021020020022011022
00220001222021021221    22020211111022010210
11122211222002220101    11201102120011220022
11010211002122220120    11202211221112202011
00112102201021020101    22020222120022010221
00110200102111102120    22021012011022011011
11012110102100011101    11202200020011221120
11200121000201211120    11200020101210210210
00000110211111021221    00220211222202200120
00111020022010202112    00112012120000102011
11121102012201100221    00110102012101002022
11012102010002000210    00110121000101110210
00220020101021022022    00111222122202121120
00001211222010120112    00220211000101220011
11010222201021211120    00110121222202120022
11122200100201102112    00002222120000022210
00110222011111210022    00112020022202122221
00221121112220121210    00111211220000101210
11201200102100202120    00002200102000021120
00222211222021102112    22210110210221220011
00111012121212221221    22211222012120211022
00002012012212111112    22212012010221222210
11011020021220202120    22102222202022122221
11122222200201210011    22101121110221111011
00001211001010012221    22212012202022202022
00112110102122000210    22211211110221221112
11121121112201101022    22102200022221111022
11012121110002001011    22102222010221112112
00221110211122110022    22210121112120210221
00000121112212002101    11121001222210101210
11010200101021210011    11011222201210021120
11121110020100121202    11010121002011000112
00002020211111102112    11120222011011110221
00221102012220120101    11012012122210022210
11200110022002221210    11010102121101222221
11011001112220202101    11011211222210021112
00220001001021021210    11012020101210022221
00110222202111211101    11120211002011110210
11120001222002002112    11011200021112010221
11201211110010010000    00222121112101222210
00000102122021102112    22102211221120102022
00111012011100120101    22101110022221111011
11120020020111211112    22022102011022011022
11011012201010121202    22022110212120022210
00220012120100200210    22100020101221110221
00001200210021211101    22102200212120102011
11010211220111022011    22022121221120022221
11121121001021020101    22021020022221001210
00110211000201021210    22101121001221111022
00221110101002222000    22100012122221110210
11200121110021100210    22021001111022010221
11010200021212001022    00221012201202201210
00111020210002111101    00222121110202202022
00002020101002000221    11010110021112010210
11012102120111102101    00221001000101220022
11200102201021022022    00112020101202122210
00001222012220202101    11010121000112010221
00112121221201102120    00222110101202202011
11122200210021021202    00220200100101112120
11120001111111210022    00220222011000210210
00222200020111020101    00221020210202201221
00000110100220200202    00110102202000100112
00222222120111021210    00000020211000020022
11120020211111211120    22212020021120212112
00002012200201020112    00002222011000022221
00220020021201211101    00001110102000021112
11200102010021022000    22212001110221221120
11010222121212110000    00000012202000020011
00112121000201102112    00001121111000021120
00110211221201022000    00002211002000022210
11012121220111210011    00000001000120212120
11201200021220120120    22211222121120211011
00000121222021210022    11201110212112201221
00112102121201101011    11200012120011220011
11121110100212222022    11121001002011110221
11012110021212112210    11121020020011111011
00221102200201211120    11122121112112122221
00002001000220202112    11201110020011221112
11011012010010120120    11121020212112121120
11122211111122001011    11120222120011110210
00111001110002002120    11200020022210210221
00222200211111020112    11122110210210102011
11201211220122111120    11120200102011002022
00222211000220202112    11202200022202120011
00111001112220011120    22020200211000101221
00002001110010201011    22020222122202122210
11011012120100012221    11201110101202012120
11122211221212000210    11200001222202011011
00001200022010122022    22021001111000102022
00112102200220120112    11202222202000101210
11121110210002221221    11200012201202011022
11012110101002111112    11201102122202012112
00221102202122220120    11202211001202120022
00000110210010122000    00112020100120021112
00222222200201020112    00110110022210211022
11121102011100201000    00002200210210210210
00002012202111212210    00112001112120020022
00220020100220200202    00111200020011222210
11200102120111021210    00001110212112122221
11010222201002002101    00110102120011221112
00112121002122111112    00111200212112202022
00110222010021021202    00111222200120020011
11120001000201102112    00002211112112200120
11201200101010120101    00001110020011112112
00000102202111101011    22212001110210100120
00111012120122002101    22210121221112012112
11120020100201210011    22101110210202202022
11011001222010201000    11121001110221222210
00220001111111020112    11122110020000020022
00111001002100200202    11122121221101001210
11120012011122001011    11120211112120211022
11201211112220202101    11012012010221220011
