11122211222010010000    11120222122202201210
00001200100212112210    11201121001210022221
00112102201021100202    11200012122210021112
11121110211100201011    11121001111000211022
11012110102100121202    11121020022202202011
00221110020122220112    11122121221112010221
00000110211111101022    00110110020022201210
00222222201002000202    00000020212120101221
11121102012201210011    22212020100120100112
00002020020111212202    00002222012120210221
00220020101021102120    00001110210221112112
11200102121212000221    22212001112120022221
11010222202100011120    00000020020022121112
00112121110021101000    00001121112120102022
00110222011122000221    00002211110221220011
11120001001002112202    00000001002022120022
11201200102111022011    22211222200120022210
00000110020111101000    22102222010221000120
00111012121220011120    22101110101210212112
11120020101002220101    22022102120011112120
11011020022002002120    22022121001210210210
00220012200220122000    22100020210210211022
00001211001010122022    22102211001221000112
11010222011100011101    22100001000112200120
11121121112201211120    22021020101210102011
00110211110021020101    22101121110210212120
00221110211122220120    22100012201210211011
11200121221212002101    22021001220011111022
11010200102100010011    00221020020000022210
00112102010021022022    00222121112101110221
00002020211111212210    11010110100101111011
11012102201002110022    00221001002000021120
11200110022010011112    00112020210202010210
00001222200212220120    11010121002000101221
00220001001021101011    00222110210202120011
11122211001002222022    00220200102000020022
11120001222002112210    00220222120000021112
00222200100220201022    00221020212101002022
00000102122021212210    22022110020011220011
00222211112212110022    11202222202011110221
11120020020122001011    11201121110210022210
00002001222002002120    22021020022210102022
00220012120111020112    22020211220011111011
11122222012220121221    11201102122210021120
11010211220111102112    11202222010210100112
00112110022002221221    22020222122210101221
00110211000201101011    22021012120011112112
11012110212212222022    11202200022210022221
11200121110021210011    11200020210210021112
00000121002100010011    00220222011000021120
00111020210002221202    00112012122202010210
11121102122021022011    00110102120022200120
11012102120111212202    00110121001221221112
00220020212212001011    00111222200120212120
00001222120100012202    00220211002000021112
11011001002111210011    00111200020022201221
11122200210021101000    00002222121120210210
00110222122002112210    00112020101202010221
00222200020111100202    00111211221120212112
11201200212220201011    00002200210221112120
00222222120111101000    22210110212120021112
00111012202100200210    22211222121120022221
00002012200201100202    22212012012120100112
11011020102111211112    22210102011022010221
11200102010021102101    22101121112112202011
00001211112201021210    22212020021120100120
00112121000201212202    22211211112120022210
11121121222021100210    22102200101210212120
11012121220122000202    22102222012120020011
00221121002111022011    22210121221120021120
00001200020100010022    11121012011000212112
11010200212212112202    11012001000101112120
11121110100220012221    11010121111000101210
00110200022002111101    11120222120000211022
00221102200212001022    11012012201202200112
11200110102122220101    11010102200101110221
11011012010010200221    11011222011000102011
00220001112212000202    11012020210202200120
00111001110002112221    11120211111000211011
11120012012220011101    11011200100101111022
11201211220122221221    00222121221101110210
00000102011111211101    11201102121120210221
00111001112220121221    11122121222221112112
11120012122010010000    11120211221120022221
11011012120100122022    11121001112120100112
00220001221220202101    11122110021120101221
00001200022010202120    11200020102022200112
11010211002100121202    11121012121120100120
11121110210010011120    11120200212120022210
00110200101021100202    11200001221120102022
00221110020100010022    11122102012120101210
11200110212212112202    11012020021120021120
00222222200201100210    00000001111000212112
00111020021220122022    00001110020011000120
00002012202122002112    00001121221112011011
11011020212201210011    22212012200101221120
11200102120111101000    22211211001202200112
00001211221220010022    00002200210210021120
00112121002122221210    00001102011011000112
11122200022010012210    22211222010202200120
11120001000201212202    22212001221101221112
00221121112201021221    00000012120000212120
00000102202111211112    22101121112101111011
00222211222002002120    22022110101202011022
11120020100212000210    22021001222202010210
00002012011122001022    22101102201202120022
00220012122021212210    22100001002000022210
11122222122010120120    22020222010221222221
11010222010002111112    22022102122202011011
00112110101021210022    22100012011000022221
00110211002122110011    22100020212101110210
11012121002100201022    22021012201202010221
11200121220111102112    22020211001221222210
00000121111111212210    11010102122210212120
00111020212220200202    00222102010210211011
11121102202111021210    00112012202011111022
11012102200201211101    00220200210210102011
00221102012201020112    00221012012112200120
00001222122021021202    00222121220011222210
11011001112201102112    00220211112112122221
11122211000212110000    00112012010210101210
00110222201021101011    00222102202011221120
00222200100201022000    00221001110210210210
11201211002111210011    00111222012112120022
00222211111111211101    11202200100120211011
00111012010010010011    22020200212120212120
00002001221201210000    22020222201202010210
11011012200220011112    11201110102022200120
11122222011122222000    11200012010221112112
00001200210002111112    22021001220000020022
00112110021212002101    22020200020022202011
11121121000220200210    11200012202022122221
11012110211122110000    11201102200120210210
00221110100212112210    11202211002022201221
00000121001002110022    00112020102011112112
11010200020111212202    00110110101210022221
11121102121220122022    00002200212112011011
00002020100201211101    00112001221112121120
00220020211111101022    00111200022210100112
11200102201002000202    00001121001210020022
11011001001021020120    00110102122210022210
00112121220111100202    00111211001210100120
00110222121201212221    00111222202011111011
11120001110021101000    00002211221112011022
11201200212201021221    00001110022210020011
00000110100201100202    22212001112101221120
00111012201010010022    22211200020000210210
11120020210021102101    22101110212101110221
11011020101021021221    22102200210202121112
00220020020111101000    22210110022202122221
00001211111100121221    22211222200101221112
11010222120122000202    22102211112101111022
11121121221220200221    22101110020000100112
00110211220100202101    22211200212101220022
00221121001010122022    22210102120000102011
11201200021201021202    22100020022202012120
11010200211111212210    11011200101221000112
00112102120111021221    11012012010221001221
00110200021201211112    11012020211022012112
11012110020122002120    11010110210210212120
11200110102100010011    00222110021112201210
00002001000201102120    11120200210221002022
00220001111111100210    11012001001221001210
11122211110021211120    00222121000112201221
11120012011122111112    11010102201210212112
00222200210010200221    11011211110221000120
00000102120111020112    11202222121120212112
00222211002122111120    11200012120022122221
11120012201002002112    11122102201221111011
