11010200022002221210    00222110022221110221
11121102200212112202    00221001220022012112
00002020101021210011    11011200102022122221
00221102010002111101    11010102010221111011
11200102202111212210    00220211222221001221
11011001110010010000    00222102120022120011
00112121222002002112    11010102202022121120
00110222122021212202    11010121220022122210
11120001112212110011    00221012122221002022
11201211000220011101    00220211000120021112
00000110101021022022    00111200100112202022
00111020020100010011    00002222201210211011
11120020212212111120    00000012200112121120
11011020210010011112    00001102121112122210
00220020022002110022    00002211000112200120
00001211112220121210    00110121111011222210
11010222122002222022    00001110100112122221
11122200020111210011    00000001221112121112
00110211221220201022    00110102200112201221
00221121110002112210    00002200021112200112
11201200022021020112    22212020020011110221
11010211000201211120    11200001110202011011
00112102122002001000    11201102202000022221
00110200022021210022    11201121220000100112
11012110022010012202    11122110102000020022
11200110210010202120    11121001222221222210
00002001001021102101    11202200102000100120
00220001220100012221    11201102010202012112
11122211112212221202    11121012201221222221
11120012120111100221    11122102200101000112
00222200212201210000    11200012012101001221
00000102010010011112    22211200101202202011
00222200212220122022    22101121110202122221
11120012121201100210    22100012201202121112
00002001002111101022    22210110210202201221
00220001220122002112    22102211001202200112
11122211220100200221    22100001000101110221
11010211000220201011    22101110101202122210
00112102122021020120    22102222010202200120
00110200100212220112    22210102201202201210
11012110100201021221    22100020210202121120
11200110211100202112    22022121001202120011
00000110102111022011    11012012121120100120
